1  4000 1.76345 0.00750705      1.76345 0.0075023
2  4000 0.930922        0.00450842      1.83688 0.00900039
3  4000 0.666528        0.0122499       1.94996 0.0365303
4  4000 0.523076        0.00175201      2.01795 0.00654245
5  4000 0.442096        0.00226719      2.1107  0.0108692
6  4000 0.394103        0.00867531      2.23982 0.0513271
7  4000 0.371224        0.000725666     2.44876 0.00691333
8  4000 0.35202 0.00564542      2.64095 0.0441576
9  4000 0.53266 0.00218486      4.59061 0.02803
10  4000        0.496156        0.00207424      4.73416 0.0281744
11  4000        0.461317        0.00102704      4.82462 0.0111843
12  4000        0.550406        0.0431109       6.32975 0.518631
13  4000        0.514583        0.0119228       6.38601 0.144949
14  4000        0.494073        0.0166192       6.58912 0.231588
15  4000        0.484151        0.0121776       6.90909 0.179303
16  4000        0.493364        0.0316198       7.45327 0.429279
