1  4000 6.75223 0.00290168      6.75225 0.0029001
2  4000 3.52052 0.00405504      7.01616 0.00819132
3  4000 2.40281 0.0117795       7.15847 0.0355119
4  4000 1.85186 0.0049013       7.33257 0.0187681
5  4000 1.72682 0.176218        8.53451 0.880953
6  4000 1.65921 0.00946933      9.83127 0.0574367
7  4000 1.52068 0.00538196      10.4943 0.0370317
8  4000 1.39755 0.0326183       11.006  0.260568
9  4000 2.26355 0.00254841      19.9546 0.0452903
10  4000        2.04808 0.00732663      20.0991 0.0807175
11  4000        2.00821 0.00876695      21.7043 0.104527
12  4000        1.76768 0.0276189       20.834  0.324801
13  4000        1.77771 0.00686642      22.7412 0.0887671
14  4000        1.59293 0.0116353       21.9208 0.213236
15  4000        1.56692 0.00829185      23.1334 0.121202
16  4000        1.49262 0.0321579       23.3921 0.417985
